# Simulation report. 
# Date: 1400/03/03 19:46:28
WorldTime,FullStateCount,StatesWithNoTarget,AgentsWithNoTargetState,AllInTargetAgents,InTargetAgentsInThisTime,UpdatedNextStatesOfAgents,SuccessTravelToGoToNeighbor,FailedTravelToGoToNeighbor,RandomTravelToNeighbors,TotalTravelToNeighbor
0,0,0,0,6,30,194,34,0,160,194,
1,0,0,0,36,32,164,55,1,108,163,
2,0,0,0,68,34,131,57,0,75,132,
3,0,0,0,102,20,98,34,0,64,98,
4,0,0,0,122,7,77,24,0,54,78,
5,0,0,0,129,7,71,23,0,48,71,
6,0,0,0,136,2,64,18,0,46,64,
7,0,0,0,138,5,62,11,0,51,62,
8,0,0,0,143,1,57,12,0,45,57,
9,0,0,0,144,2,56,12,0,44,56,
10,0,0,0,146,0,54,22,0,32,54,
11,1,0,0,146,3,54,13,0,41,54,
12,0,0,0,149,1,51,13,0,38,51,
13,0,0,0,150,1,50,13,0,37,50,
14,0,0,0,151,1,49,14,0,35,49,
15,0,0,0,152,1,48,13,0,35,48,
16,0,0,0,153,2,47,16,0,31,47,
17,0,0,0,155,1,45,14,0,31,45,
18,0,0,0,156,0,44,10,0,34,44,
19,0,0,0,156,0,44,14,0,30,44,
20,0,0,0,156,2,44,13,0,31,44,
21,0,0,0,158,0,42,12,0,30,42,
22,0,0,0,158,0,42,7,0,35,42,
23,0,0,0,158,1,42,11,0,31,42,
24,0,0,0,159,2,41,8,0,33,41,
25,0,0,0,161,2,39,13,0,26,39,
26,0,0,0,163,0,37,7,0,30,37,
27,0,0,0,163,2,37,7,0,30,37,
28,0,0,0,165,0,35,11,0,24,35,
29,0,0,0,165,0,35,8,0,27,35,
30,0,0,0,165,0,35,7,0,28,35,
31,0,0,0,165,0,35,4,0,31,35,
32,1,0,0,165,1,35,12,0,23,35,
33,0,0,0,166,0,34,8,0,26,34,
34,0,0,0,166,1,34,5,0,29,34,
35,0,0,0,167,1,33,7,0,26,33,
36,0,0,0,168,4,32,10,0,22,32,
37,0,0,0,172,1,28,7,0,21,28,
38,0,0,0,173,0,27,6,0,21,27,
39,0,0,0,173,3,27,7,0,20,27,
40,0,0,0,176,2,24,4,0,20,24,
41,0,0,0,178,0,22,3,0,19,22,
42,0,0,0,178,0,22,7,0,15,22,
43,0,0,0,178,0,22,4,0,18,22,
44,0,0,0,178,0,22,4,0,18,22,
45,0,0,0,178,1,22,9,0,13,22,
46,0,0,0,179,0,21,2,0,19,21,
47,0,0,0,179,0,21,6,0,15,21,
48,0,0,0,179,0,21,6,0,15,21,
49,0,0,0,179,0,21,1,0,20,21,
50,0,0,0,179,0,21,4,0,17,21,
51,0,0,0,179,0,21,7,0,14,21,
52,0,0,0,179,1,21,5,0,16,21,
53,0,0,0,180,2,20,8,0,12,20,
54,0,0,0,182,0,18,3,0,15,18,
55,0,0,0,182,0,18,5,0,13,18,
56,0,0,0,182,0,18,5,0,13,18,
57,0,0,0,182,0,18,4,0,14,18,
58,0,0,0,182,0,18,5,0,13,18,
59,0,0,0,182,2,18,3,0,15,18,
60,0,0,0,184,1,16,5,0,11,16,
61,0,0,0,185,0,15,3,0,12,15,
62,0,0,0,185,0,15,5,0,10,15,
63,0,0,0,185,1,15,3,0,12,15,
64,0,0,0,186,0,14,4,0,10,14,
65,0,0,0,186,0,14,4,0,10,14,
66,0,0,0,186,0,14,2,0,12,14,
67,0,0,0,186,1,14,5,0,9,14,
68,0,0,0,187,0,13,5,0,8,13,
69,0,0,0,187,0,13,0,0,13,13,
70,0,0,0,187,0,13,4,0,9,13,
71,0,0,0,187,2,13,4,0,9,13,
72,0,0,0,189,1,11,2,0,9,11,
73,0,0,0,190,0,10,0,0,10,10,
74,0,0,0,190,0,10,5,0,5,10,
75,0,0,0,190,0,10,2,0,8,10,
76,0,0,0,190,0,10,4,0,6,10,
77,0,0,0,190,0,10,1,0,9,10,
78,0,0,0,190,0,10,2,0,8,10,
79,0,0,0,190,1,10,1,0,9,10,
80,0,0,0,191,0,9,5,0,4,9,
81,0,0,0,191,0,9,2,0,7,9,
82,0,0,0,191,0,9,2,0,7,9,
83,0,0,0,191,0,9,0,0,9,9,
84,0,0,0,191,1,9,2,0,7,9,
85,0,0,0,192,0,8,1,0,7,8,
86,0,0,0,192,0,8,4,0,4,8,
87,0,0,0,192,1,8,2,0,6,8,
88,0,0,0,193,1,7,0,0,7,7,
89,0,0,0,194,0,6,2,0,4,6,
90,0,0,0,194,1,6,2,0,4,6,
91,0,0,0,195,0,5,1,0,4,5,
92,0,0,0,195,0,5,1,0,4,5,
93,0,0,0,195,0,5,0,0,5,5,
94,0,0,0,195,0,5,2,0,3,5,
95,0,0,0,195,0,5,0,0,5,5,
96,0,0,0,195,0,5,2,0,3,5,
97,0,0,0,195,1,5,1,0,4,5,
98,0,0,0,196,0,4,1,0,3,4,
99,0,0,0,196,0,4,3,0,1,4,
100,0,0,0,196,0,4,0,0,4,4,
101,0,0,0,196,0,4,2,0,2,4,
102,0,0,0,196,0,4,0,0,4,4,
103,0,0,0,196,0,4,1,0,3,4,
104,0,0,0,196,1,4,0,0,4,4,
105,0,0,0,197,0,3,1,0,2,3,
106,0,0,0,197,1,3,1,0,2,3,
107,0,0,0,198,1,2,0,0,2,2,
108,0,0,0,199,0,1,0,0,1,1,
109,0,0,0,199,0,1,0,0,1,1,
110,0,0,0,199,0,1,1,0,0,1,
111,0,0,0,199,0,1,0,0,1,1,
112,0,0,0,199,0,1,1,0,0,1,
113,0,0,0,199,0,1,0,0,1,1,
114,0,0,0,199,0,1,0,0,1,1,
115,0,0,0,199,0,1,0,0,1,1,
116,0,0,0,199,0,1,0,0,1,1,
117,0,0,0,199,0,1,0,0,1,1,
118,0,0,0,199,0,1,1,0,0,1,
119,0,0,0,199,0,1,0,0,1,1,
120,0,0,0,199,0,1,1,0,0,1,
121,0,0,0,199,0,1,0,0,1,1,
122,0,0,0,199,0,1,1,0,0,1,
123,0,0,0,199,0,1,0,0,1,1,
124,0,0,0,199,0,1,1,0,0,1,
125,0,0,0,199,0,1,0,0,1,1,
126,0,0,0,199,0,1,1,0,0,1,
127,0,0,0,199,0,1,0,0,1,1,
128,0,0,0,199,0,1,1,0,0,1,
129,0,0,0,199,0,1,0,0,1,1,
130,0,0,0,199,0,1,1,0,0,1,
131,0,0,0,199,0,1,0,0,1,1,
132,0,0,0,199,0,1,0,0,1,1,
133,0,0,0,199,0,1,1,0,0,1,
134,0,0,0,199,0,1,0,0,1,1,
135,0,0,0,199,0,1,1,0,0,1,
136,0,0,0,199,0,1,0,0,1,1,
137,0,0,0,199,0,1,0,0,1,1,
138,0,0,0,199,0,1,0,0,1,1,
139,0,0,0,199,0,1,0,0,1,1,
140,0,0,0,199,0,1,1,0,0,1,
141,0,0,0,199,0,1,0,0,1,1,
142,0,0,0,199,0,1,1,0,0,1,
143,0,0,0,199,0,1,0,0,1,1,
144,0,0,0,199,0,1,0,0,1,1,
145,0,0,0,199,0,1,1,0,0,1,
146,0,0,0,199,0,1,0,0,1,1,
147,0,0,0,199,0,1,1,0,0,1,
148,0,0,0,199,0,1,0,0,1,1,
149,0,0,0,199,0,1,0,0,1,1,
150,0,0,0,199,0,1,0,0,1,1,
151,0,0,0,199,0,1,0,0,1,1,
152,0,0,0,199,0,1,0,0,1,1,
153,0,0,0,199,0,1,1,0,0,1,
154,0,0,0,199,0,1,0,0,1,1,
155,0,0,0,199,0,1,1,0,0,1,
156,0,0,0,199,0,1,0,0,1,1,
157,0,0,0,199,1,1,0,0,1,1,
158,0,0,0,200,0,0,0,0,0,0,
159,0,0,0,200,0,0,0,0,0,0,
160,0,0,0,200,0,0,0,0,0,0,
161,0,0,0,200,0,0,0,0,0,0,
162,0,0,0,200,0,0,0,0,0,0,
163,0,0,0,200,0,0,0,0,0,0,
164,0,0,0,200,0,0,0,0,0,0,
165,0,0,0,200,0,0,0,0,0,0,
166,0,0,0,200,0,0,0,0,0,0,
167,0,0,0,200,0,0,0,0,0,0,
168,0,0,0,200,0,0,0,0,0,0,
169,0,0,0,200,0,0,0,0,0,0,
170,0,0,0,200,0,0,0,0,0,0,
171,0,0,0,200,0,0,0,0,0,0,
172,0,0,0,200,0,0,0,0,0,0,
173,0,0,0,200,0,0,0,0,0,0,
174,0,0,0,200,0,0,0,0,0,0,
175,0,0,0,200,0,0,0,0,0,0,
176,0,0,0,200,0,0,0,0,0,0,
177,0,0,0,200,0,0,0,0,0,0,
178,0,0,0,200,0,0,0,0,0,0,
179,0,0,0,200,0,0,0,0,0,0,
180,0,0,0,200,0,0,0,0,0,0,
181,0,0,0,200,0,0,0,0,0,0,
182,0,0,0,200,0,0,0,0,0,0,
183,0,0,0,200,0,0,0,0,0,0,
184,0,0,0,200,0,0,0,0,0,0,
185,0,0,0,200,0,0,0,0,0,0,
186,0,0,0,200,0,0,0,0,0,0,
187,0,0,0,200,0,0,0,0,0,0,
188,0,0,0,200,0,0,0,0,0,0,
189,0,0,0,200,0,0,0,0,0,0,
190,0,0,0,200,0,0,0,0,0,0,
191,0,0,0,200,0,0,0,0,0,0,
192,0,0,0,200,0,0,0,0,0,0,
193,0,0,0,200,0,0,0,0,0,0,
194,0,0,0,200,0,0,0,0,0,0,
195,0,0,0,200,0,0,0,0,0,0,
196,0,0,0,200,0,0,0,0,0,0,
197,0,0,0,200,0,0,0,0,0,0,
198,0,0,0,200,0,0,0,0,0,0,
199,0,0,0,200,0,0,0,0,0,0,
200,0,0,0,200,0,0,0,0,0,0,
201,0,0,0,200,0,0,0,0,0,0,
202,0,0,0,200,0,0,0,0,0,0,
203,0,0,0,200,0,0,0,0,0,0,
204,0,0,0,200,0,0,0,0,0,0,
205,0,0,0,200,0,0,0,0,0,0,
206,0,0,0,200,0,0,0,0,0,0,
207,0,0,0,200,0,0,0,0,0,0,
208,0,0,0,200,0,0,0,0,0,0,
209,0,0,0,200,0,0,0,0,0,0,
210,0,0,0,200,0,0,0,0,0,0,
211,0,0,0,200,0,0,0,0,0,0,
212,0,0,0,200,0,0,0,0,0,0,
213,0,0,0,200,0,0,0,0,0,0,
214,0,0,0,200,0,0,0,0,0,0,
215,0,0,0,200,0,0,0,0,0,0,
216,0,0,0,200,0,0,0,0,0,0,
217,0,0,0,200,0,0,0,0,0,0,
218,0,0,0,200,0,0,0,0,0,0,
219,0,0,0,200,0,0,0,0,0,0,
220,0,0,0,200,0,0,0,0,0,0,
221,0,0,0,200,0,0,0,0,0,0,
222,0,0,0,200,0,0,0,0,0,0,
223,0,0,0,200,0,0,0,0,0,0,
224,0,0,0,200,0,0,0,0,0,0,
225,0,0,0,200,0,0,0,0,0,0,
226,0,0,0,200,0,0,0,0,0,0,
227,0,0,0,200,0,0,0,0,0,0,
228,0,0,0,200,0,0,0,0,0,0,
229,0,0,0,200,0,0,0,0,0,0,
230,0,0,0,200,0,0,0,0,0,0,
231,0,0,0,200,0,0,0,0,0,0,
232,0,0,0,200,0,0,0,0,0,0,
233,0,0,0,200,0,0,0,0,0,0,
234,0,0,0,200,0,0,0,0,0,0,