# Simulation report. 
# Date: 1400/02/31 17:43:45
WorldTime,FullStateCount,StatesWithNoTarget,AgentsWithNoTargetState,AllInTargetAgents,InTargetAgentsInThisTime,UpdatedNextStatesOfAgents,SuccessTravelToGoToNeighbor,FailedTravelToGoToNeighbor,RandomTravelToNeighbors,TotalTravelToNeighbor
0,0,0,0,6,25,194,34,0,160,194,
1,0,0,0,31,26,169,50,0,119,169,
2,0,0,0,57,27,141,62,0,81,143,
3,0,0,0,84,26,113,40,0,76,116,
4,0,0,0,110,11,90,27,0,63,90,
5,1,0,0,121,6,79,25,2,52,77,
6,0,0,0,127,6,71,21,0,52,73,
7,0,0,0,133,4,67,10,0,57,67,
8,0,0,0,137,3,63,19,0,44,63,
9,0,0,0,140,1,60,9,0,51,60,
10,0,0,0,141,2,59,15,0,44,59,
11,0,0,0,143,2,57,15,0,42,57,
12,0,0,0,145,3,55,12,0,43,55,
13,0,0,0,148,1,52,12,0,40,52,
14,0,0,0,149,2,51,11,0,40,51,
15,0,0,0,151,1,49,14,0,35,49,
16,0,0,0,152,3,48,7,0,41,48,
17,0,0,0,155,0,45,14,0,31,45,
18,0,0,0,155,1,45,14,0,31,45,
19,0,0,0,156,0,44,11,0,33,44,
20,0,0,0,156,3,44,8,0,36,44,
21,0,0,0,159,0,41,7,0,34,41,
22,0,0,0,159,2,41,13,0,28,41,
23,0,0,0,161,0,39,8,0,31,39,
24,0,0,0,161,4,39,6,0,33,39,
25,0,0,0,165,1,35,7,0,28,35,
26,1,0,0,166,2,34,4,0,30,34,
27,0,0,0,168,0,32,8,0,24,32,
28,0,0,0,168,1,32,8,0,24,32,
29,0,0,0,169,1,31,8,0,23,31,
30,0,0,0,170,2,30,8,0,22,30,
31,0,0,0,172,2,28,5,0,23,28,
32,0,0,0,174,2,26,7,0,19,26,
33,0,0,0,176,1,24,3,0,21,24,
34,0,0,0,177,0,23,3,0,20,23,
35,0,0,0,177,0,23,5,0,18,23,
36,0,0,0,177,1,23,1,0,22,23,
37,0,0,0,178,0,22,5,0,17,22,
38,0,0,0,178,1,22,4,0,18,22,
39,0,0,0,179,0,21,2,0,19,21,
40,0,0,0,179,0,21,2,0,19,21,
41,0,0,0,179,1,21,5,0,16,21,
42,0,0,0,180,1,20,5,0,15,20,
43,0,0,0,181,0,19,1,0,18,19,
44,0,0,0,181,0,19,4,0,15,19,
45,0,0,0,181,0,19,4,0,15,19,
46,0,0,0,181,0,19,3,0,16,19,
47,0,0,0,181,1,19,4,0,15,19,
48,0,0,0,182,0,18,5,0,13,18,
49,0,0,0,182,1,18,1,0,17,18,
50,0,0,0,183,1,17,5,0,12,17,
51,0,0,0,184,0,16,1,0,15,16,
52,0,0,0,184,0,16,3,0,13,16,
53,0,0,0,184,1,16,4,0,12,16,
54,0,0,0,185,0,15,2,0,13,15,
55,0,0,0,185,0,15,0,0,15,15,
56,0,0,0,185,0,15,5,0,10,15,
57,0,0,0,185,0,15,1,0,14,15,
58,0,0,0,185,0,15,3,0,12,15,
59,0,0,0,185,1,15,2,0,13,15,
60,0,0,0,186,0,14,5,0,9,14,
61,0,0,0,186,1,14,3,0,11,14,
62,0,0,0,187,0,13,2,0,11,13,
63,0,0,0,187,0,13,0,0,13,13,
64,0,0,0,187,0,13,2,0,11,13,
65,0,0,0,187,0,13,3,0,10,13,
66,0,0,0,187,0,13,1,0,12,13,