# Simulation report. 
# Date: 1400/03/03 20:02:56
WorldTime,FullStateCount,StatesWithNoTarget,AgentsWithNoTargetState,AllInTargetAgents,InTargetAgentsInThisTime,UpdatedNextStatesOfAgents,SuccessTravelToGoToNeighbor,FailedTravelToGoToNeighbor,RandomTravelToNeighbors,TotalTravelToNeighbor
0,0,0,0,6,27,194,34,0,160,194
1,0,0,0,33,35,167,67,2,98,165
2,1,0,0,68,28,128,53,0,79,132
3,0,0,0,96,16,103,39,0,65,104
4,0,0,0,112,9,88,29,0,59,88
5,0,0,0,121,13,79,19,0,60,79
6,0,0,0,134,1,66,11,0,55,66
7,0,0,0,135,1,65,17,0,48,65
8,0,0,0,136,3,64,12,0,52,64
9,0,0,0,139,2,60,18,0,43,61
10,1,0,0,141,4,59,10,0,49,59
11,0,0,0,145,3,55,17,1,37,54
12,0,0,0,148,1,51,15,0,37,52
13,0,0,0,149,0,51,17,0,34,51
14,0,0,0,149,3,51,12,0,39,51
15,0,0,0,152,3,48,11,0,37,48
16,0,0,0,155,1,45,9,0,36,45
17,0,0,0,156,2,44,9,0,35,44
18,0,0,0,158,5,42,8,0,34,42
19,0,0,0,163,1,37,9,0,28,37
20,0,0,0,164,1,36,14,0,22,36
21,0,0,0,165,2,35,5,0,30,35
22,0,0,0,167,1,33,6,0,27,33
23,0,0,0,168,1,32,9,0,23,32
24,0,0,0,169,1,31,8,0,23,31
25,0,0,0,170,2,30,7,0,23,30
26,0,0,0,172,0,28,8,0,20,28
27,0,0,0,172,2,28,7,0,21,28
28,0,0,0,174,1,26,6,0,20,26
29,0,0,0,175,0,25,3,0,22,25
30,0,0,0,175,0,25,10,0,15,25
31,0,0,0,175,0,25,6,0,19,25
32,0,0,0,175,1,25,5,0,20,25
33,0,0,0,176,1,24,8,0,16,24
34,0,0,0,177,4,23,3,0,20,23
35,0,0,0,181,1,19,7,0,12,19
36,0,0,0,182,3,18,3,0,15,18
37,0,0,0,185,1,15,3,0,12,15
38,0,0,0,186,0,14,4,0,10,14
39,0,0,0,186,0,14,7,0,7,14
40,0,0,0,186,1,14,3,0,11,14
41,0,0,0,187,1,13,4,0,9,13
42,0,0,0,188,0,12,2,0,10,12
43,0,0,0,188,1,12,5,0,7,12
44,0,0,0,189,0,11,2,0,9,11
45,0,0,0,189,2,11,4,0,7,11
46,0,0,0,191,0,9,2,0,7,9
47,0,0,0,191,0,9,4,0,5,9
48,0,0,0,191,0,9,2,0,7,9
49,0,0,0,191,0,9,2,0,7,9
50,0,0,0,191,1,9,1,0,8,9
51,0,0,0,192,1,8,3,0,5,8
52,0,0,0,193,0,7,1,0,6,7
53,0,0,0,193,0,7,3,0,4,7
54,0,0,0,193,0,7,1,0,6,7
55,0,0,0,193,0,7,3,0,4,7
56,0,0,0,193,0,7,2,0,5,7
57,0,0,0,193,1,7,1,0,6,7
58,0,0,0,194,0,6,1,0,5,6
59,0,0,0,194,0,6,1,0,5,6
60,0,0,0,194,0,6,2,0,4,6
61,0,0,0,194,0,6,0,0,6,6
62,0,0,0,194,0,6,3,0,3,6
63,0,0,0,194,1,6,1,0,5,6
64,0,0,0,195,0,5,1,0,4,5
65,0,0,0,195,0,5,0,0,5,5
66,0,0,0,195,0,5,1,0,4,5
67,0,0,0,195,0,5,0,0,5,5
68,0,0,0,195,0,5,2,0,3,5
69,0,0,0,195,1,5,0,0,5,5
70,0,0,0,196,1,4,2,0,2,4
71,0,0,0,197,0,3,1,0,2,3
72,0,0,0,197,0,3,1,0,2,3
73,0,0,0,197,0,3,2,0,1,3
74,0,0,0,197,0,3,0,0,3,3
75,0,0,0,197,0,3,1,0,2,3
76,0,0,0,197,0,3,1,0,2,3
77,0,0,0,197,0,3,1,0,2,3
78,0,0,0,197,0,3,1,0,2,3
79,0,0,0,197,0,3,0,0,3,3
80,0,0,0,197,0,3,0,0,3,3
81,0,0,0,197,0,3,0,0,3,3
82,0,0,0,197,0,3,0,0,3,3