# Simulation report. 
# Date: 1400/03/03 21:44:55
WorldTime,FullStateCount,StatesWithNoTarget,AgentsWithNoTargetState,AllInTargetAgents,InTargetAgentsInThisTime,UpdatedNextStatesOfAgents,SuccessTravelToGoToNeighbor,FailedTravelToGoToNeighbor,RandomTravelToNeighbors,TotalTravelToNeighbor
0,0,0,0,6,60,994,62,0,932,994
1,0,0,0,66,63,934,69,0,865,934
2,0,0,0,129,61,871,68,0,803,871
3,0,0,0,190,59,810,66,0,744,810
4,0,0,0,249,53,751,59,0,692,751
5,0,0,0,302,56,698,64,0,634,698
6,0,0,0,358,45,641,52,0,590,642
7,0,0,0,403,46,597,50,0,547,597
8,0,0,0,449,37,551,44,0,507,551
9,0,0,0,486,42,514,45,0,469,514
10,0,0,0,528,27,472,36,0,436,472
11,0,0,0,555,44,445,47,0,398,445
12,0,0,0,599,24,401,26,0,375,401
13,0,0,0,623,22,377,23,0,354,377
14,0,0,0,645,15,355,19,0,336,355
15,0,0,0,660,16,340,24,0,316,340
16,0,0,0,676,21,323,27,0,297,324
17,0,0,0,697,22,303,26,0,277,303
18,0,0,0,719,20,281,24,0,257,281
19,0,0,0,739,15,261,19,0,242,261
20,0,0,0,754,12,246,15,0,231,246
21,0,0,0,766,16,234,16,0,218,234
22,0,0,0,782,6,218,8,0,210,218
23,0,0,0,788,8,212,12,0,200,212
24,0,0,0,796,10,204,12,0,192,204
25,0,0,0,806,16,194,18,0,176,194
26,0,0,0,822,8,178,8,0,170,178
27,0,0,0,830,8,170,8,0,162,170
28,0,0,0,838,10,162,10,0,152,162
29,0,0,0,848,5,152,6,0,146,152
30,0,0,0,853,12,147,13,0,134,147
31,0,0,0,865,6,135,7,0,128,135
32,0,0,0,871,4,129,4,0,125,129
33,0,0,0,875,9,125,9,0,116,125
34,0,0,0,884,5,116,6,0,110,116
35,0,0,0,889,7,111,7,0,104,111
36,0,0,0,896,6,104,6,0,98,104
37,0,0,0,902,6,98,7,0,91,98
38,0,0,0,908,9,92,11,0,81,92
39,0,0,0,917,5,83,5,0,78,83
40,0,0,0,922,3,78,3,0,75,78
41,0,0,0,925,1,75,1,0,74,75
42,0,0,0,926,3,74,3,0,71,74
43,0,0,0,929,4,71,5,0,66,71
44,0,0,0,933,3,67,4,0,63,67
45,0,0,0,936,2,64,2,0,62,64
46,0,0,0,938,0,62,0,0,62,62
47,0,0,0,938,2,62,2,0,60,62
48,0,0,0,940,1,60,1,0,59,60
49,0,0,0,941,1,59,1,0,58,59
50,0,0,0,942,3,58,5,0,53,58
51,0,0,0,945,3,55,3,0,52,55
52,0,0,0,948,0,52,0,0,52,52
53,0,0,0,948,1,52,1,0,51,52
54,0,0,0,949,1,51,1,0,50,51
55,0,0,0,950,0,50,1,0,49,50
56,0,0,0,950,3,50,3,0,47,50
57,0,0,0,953,1,47,1,0,46,47
58,0,0,0,954,0,46,0,0,46,46
59,0,0,0,954,1,46,1,0,45,46
60,0,0,0,955,0,45,0,0,45,45
61,0,0,0,955,0,45,0,0,45,45
62,0,0,0,955,1,45,1,0,44,45
63,0,0,0,956,1,44,1,0,43,44
64,0,0,0,957,2,43,2,0,41,43
65,0,0,0,959,4,41,4,0,37,41
66,0,0,0,963,0,37,0,0,37,37
67,0,0,0,963,0,37,0,0,37,37
68,0,0,0,963,1,37,1,0,36,37
69,0,0,0,964,0,36,0,0,36,36
70,0,0,0,964,0,36,0,0,36,36
71,0,0,0,964,0,36,0,0,36,36
72,0,0,0,964,2,36,2,0,34,36
73,0,0,0,966,1,34,1,0,33,34
74,0,0,0,967,1,33,1,0,32,33
75,0,0,0,968,0,32,0,0,32,32
76,0,0,0,968,1,32,1,0,31,32
77,0,0,0,969,1,31,1,0,30,31
78,0,0,0,970,1,30,1,0,29,30
79,0,0,0,971,0,29,0,0,29,29
80,0,0,0,971,0,29,0,0,29,29
81,0,0,0,971,1,29,1,0,28,29
82,0,0,0,972,1,28,1,0,27,28
83,0,0,0,973,0,27,1,0,26,27
84,0,0,0,973,1,27,1,0,26,27
85,0,0,0,974,0,26,1,0,25,26
86,0,0,0,974,1,26,2,0,24,26
87,0,0,0,975,1,25,1,0,24,25
88,0,0,0,976,1,24,1,0,23,24
89,0,0,0,977,0,23,0,0,23,23
90,0,0,0,977,1,23,2,0,21,23
91,0,0,0,978,1,22,1,0,21,22
92,0,0,0,979,2,21,2,0,19,21
93,0,0,0,981,0,19,0,0,19,19
94,0,0,0,981,1,19,1,0,18,19
95,0,0,0,982,2,18,2,0,16,18
96,0,0,0,984,0,16,0,0,16,16
97,0,0,0,984,0,16,0,0,16,16
98,0,0,0,984,0,16,0,0,16,16
99,0,0,0,984,0,16,0,0,16,16
100,0,0,0,984,0,16,0,0,16,16
101,0,0,0,984,0,16,0,0,16,16
102,0,0,0,984,1,16,1,0,15,16
103,0,0,0,985,0,15,0,0,15,15
104,0,0,0,985,0,15,0,0,15,15
105,0,0,0,985,1,15,1,0,14,15
106,0,0,0,986,2,14,2,0,12,14
107,0,0,0,988,0,12,0,0,12,12
108,0,0,0,988,1,12,1,0,11,12
109,0,0,0,989,0,11,0,0,11,11
110,0,0,0,989,0,11,0,0,11,11
111,0,0,0,989,0,11,0,0,11,11
112,0,0,0,989,0,11,0,0,11,11
113,0,0,0,989,0,11,0,0,11,11
114,0,0,0,989,0,11,0,0,11,11
115,0,0,0,989,0,11,0,0,11,11
116,0,0,0,989,0,11,0,0,11,11
117,0,0,0,989,0,11,0,0,11,11
118,0,0,0,989,0,11,0,0,11,11
119,0,0,0,989,0,11,0,0,11,11
120,0,0,0,989,0,11,0,0,11,11
121,0,0,0,989,0,11,0,0,11,11
122,0,0,0,989,0,11,0,0,11,11
123,0,0,0,989,0,11,0,0,11,11
124,0,0,0,989,0,11,0,0,11,11
125,0,0,0,989,0,11,0,0,11,11
126,0,0,0,989,0,11,0,0,11,11
127,0,0,0,989,0,11,0,0,11,11
128,0,0,0,989,1,11,1,0,10,11
129,0,0,0,990,0,10,0,0,10,10
130,0,0,0,990,0,10,0,0,10,10
131,0,0,0,990,0,10,0,0,10,10
132,0,0,0,990,0,10,0,0,10,10
133,0,0,0,990,0,10,0,0,10,10
134,0,0,0,990,0,10,0,0,10,10
135,0,0,0,990,0,10,0,0,10,10
136,0,0,0,990,0,10,0,0,10,10
137,0,0,0,990,1,10,1,0,9,10
138,0,0,0,991,0,9,0,0,9,9
139,0,0,0,991,0,9,0,0,9,9
140,0,0,0,991,0,9,0,0,9,9
141,0,0,0,991,0,9,0,0,9,9
142,0,0,0,991,0,9,0,0,9,9
143,0,0,0,991,0,9,0,0,9,9
144,0,0,0,991,0,9,0,0,9,9
145,0,0,0,991,0,9,0,0,9,9
146,0,0,0,991,0,9,0,0,9,9
147,0,0,0,991,0,9,0,0,9,9
148,0,0,0,991,0,9,0,0,9,9
149,0,0,0,991,0,9,0,0,9,9
150,0,0,0,991,0,9,0,0,9,9
151,0,0,0,991,0,9,0,0,9,9
152,0,0,0,991,0,9,0,0,9,9
153,0,0,0,991,0,9,0,0,9,9
154,0,0,0,991,0,9,0,0,9,9
155,0,0,0,991,0,9,0,0,9,9
156,0,0,0,991,0,9,0,0,9,9
157,0,0,0,991,0,9,0,0,9,9
158,0,0,0,991,0,9,0,0,9,9
159,0,0,0,991,0,9,0,0,9,9
160,0,0,0,991,0,9,0,0,9,9
161,0,0,0,991,0,9,0,0,9,9
162,0,0,0,991,0,9,0,0,9,9
163,0,0,0,991,0,9,0,0,9,9
164,0,0,0,991,0,9,0,0,9,9
165,0,0,0,991,0,9,0,0,9,9
166,0,0,0,991,0,9,0,0,9,9
167,0,0,0,991,0,9,0,0,9,9
168,0,0,0,991,0,9,0,0,9,9
169,0,0,0,991,0,9,0,0,9,9
170,0,0,0,991,0,9,0,0,9,9
171,0,0,0,991,0,9,0,0,9,9
172,0,0,0,991,0,9,0,0,9,9
173,0,0,0,991,0,9,0,0,9,9
174,0,0,0,991,1,9,1,0,8,9
175,0,0,0,992,0,8,0,0,8,8
176,0,0,0,992,0,8,0,0,8,8
177,0,0,0,992,0,8,0,0,8,8
178,0,0,0,992,0,8,0,0,8,8
179,0,0,0,992,0,8,0,0,8,8
180,0,0,0,992,0,8,0,0,8,8
181,0,0,0,992,0,8,0,0,8,8
182,0,0,0,992,0,8,1,0,7,8
183,0,0,0,992,1,8,1,0,7,8
184,0,0,0,993,0,7,0,0,7,7
185,0,0,0,993,0,7,0,0,7,7
186,0,0,0,993,0,7,0,0,7,7
187,0,0,0,993,0,7,0,0,7,7
188,0,0,0,993,0,7,0,0,7,7
189,0,0,0,993,0,7,0,0,7,7
190,0,0,0,993,0,7,0,0,7,7
191,0,0,0,993,0,7,0,0,7,7
192,0,0,0,993,0,7,0,0,7,7
193,0,0,0,993,1,7,1,0,6,7
194,0,0,0,994,0,6,0,0,6,6
195,0,0,0,994,0,6,0,0,6,6
196,0,0,0,994,0,6,0,0,6,6
197,0,0,0,994,0,6,0,0,6,6
198,0,0,0,994,0,6,0,0,6,6
199,0,0,0,994,0,6,0,0,6,6
200,0,0,0,994,0,6,0,0,6,6
201,0,0,0,994,0,6,0,0,6,6
202,0,0,0,994,0,6,0,0,6,6
203,0,0,0,994,0,6,0,0,6,6
204,0,0,0,994,0,6,0,0,6,6
205,0,0,0,994,0,6,0,0,6,6
206,0,0,0,994,0,6,0,0,6,6
207,0,0,0,994,0,6,0,0,6,6
208,0,0,0,994,0,6,0,0,6,6
209,0,0,0,994,1,6,1,0,5,6
210,0,0,0,995,0,5,0,0,5,5
211,0,0,0,995,1,5,1,0,4,5
212,0,0,0,996,0,4,0,0,4,4
213,0,0,0,996,0,4,0,0,4,4
214,0,0,0,996,0,4,0,0,4,4
215,0,0,0,996,0,4,0,0,4,4
216,0,0,0,996,0,4,0,0,4,4
217,0,0,0,996,0,4,0,0,4,4
218,0,0,0,996,0,4,0,0,4,4
219,0,0,0,996,0,4,0,0,4,4
220,0,0,0,996,0,4,0,0,4,4
221,0,0,0,996,0,4,0,0,4,4
222,0,0,0,996,0,4,0,0,4,4
223,0,0,0,996,0,4,0,0,4,4
224,0,0,0,996,0,4,0,0,4,4
225,0,0,0,996,0,4,0,0,4,4
226,0,0,0,996,0,4,0,0,4,4
227,0,0,0,996,0,4,0,0,4,4
228,0,0,0,996,0,4,0,0,4,4
229,0,0,0,996,0,4,0,0,4,4
230,0,0,0,996,0,4,0,0,4,4
231,0,0,0,996,0,4,0,0,4,4
232,0,0,0,996,0,4,0,0,4,4
233,0,0,0,996,0,4,0,0,4,4
234,0,0,0,996,0,4,0,0,4,4
235,0,0,0,996,0,4,0,0,4,4
236,0,0,0,996,0,4,0,0,4,4
237,0,0,0,996,0,4,0,0,4,4
238,0,0,0,996,0,4,0,0,4,4
239,0,0,0,996,0,4,0,0,4,4
240,0,0,0,996,0,4,0,0,4,4
241,0,0,0,996,0,4,0,0,4,4
242,0,0,0,996,0,4,0,0,4,4
243,0,0,0,996,0,4,0,0,4,4
244,0,0,0,996,0,4,0,0,4,4
245,0,0,0,996,0,4,0,0,4,4
246,0,0,0,996,0,4,0,0,4,4
247,0,0,0,996,0,4,0,0,4,4
248,0,0,0,996,0,4,0,0,4,4
249,0,0,0,996,0,4,0,0,4,4
250,0,0,0,996,0,4,0,0,4,4
251,0,0,0,996,0,4,0,0,4,4
252,0,0,0,996,0,4,0,0,4,4
253,0,0,0,996,0,4,0,0,4,4
254,0,0,0,996,0,4,0,0,4,4
255,0,0,0,996,0,4,0,0,4,4
256,0,0,0,996,0,4,0,0,4,4
257,0,0,0,996,0,4,0,0,4,4
258,0,0,0,996,0,4,0,0,4,4
259,0,0,0,996,0,4,0,0,4,4
260,0,0,0,996,0,4,0,0,4,4
261,0,0,0,996,0,4,0,0,4,4
262,0,0,0,996,0,4,0,0,4,4
263,0,0,0,996,0,4,0,0,4,4
264,0,0,0,996,0,4,0,0,4,4
265,0,0,0,996,0,4,0,0,4,4
266,0,0,0,996,0,4,1,0,3,4
267,0,0,0,996,1,4,1,0,3,4
268,0,0,0,997,0,3,0,0,3,3
269,0,0,0,997,0,3,0,0,3,3
270,0,0,0,997,0,3,0,0,3,3
271,0,0,0,997,0,3,0,0,3,3
272,0,0,0,997,0,3,0,0,3,3
273,0,0,0,997,0,3,0,0,3,3
274,0,0,0,997,0,3,0,0,3,3
275,0,0,0,997,0,3,0,0,3,3
276,0,0,0,997,0,3,0,0,3,3
277,0,0,0,997,0,3,0,0,3,3
278,0,0,0,997,0,3,0,0,3,3
279,0,0,0,997,0,3,0,0,3,3
280,0,0,0,997,0,3,0,0,3,3
281,0,0,0,997,1,3,1,0,2,3
282,0,0,0,998,0,2,0,0,2,2
283,0,0,0,998,0,2,0,0,2,2
284,0,0,0,998,0,2,0,0,2,2
285,0,0,0,998,0,2,0,0,2,2
286,0,0,0,998,0,2,0,0,2,2
287,0,0,0,998,0,2,0,0,2,2
288,0,0,0,998,0,2,0,0,2,2
289,0,0,0,998,0,2,0,0,2,2
290,0,0,0,998,0,2,0,0,2,2
291,0,0,0,998,0,2,0,0,2,2
292,0,0,0,998,0,2,0,0,2,2
293,0,0,0,998,0,2,0,0,2,2
294,0,0,0,998,0,2,0,0,2,2
295,0,0,0,998,0,2,0,0,2,2
296,0,0,0,998,1,2,1,0,1,2
297,0,0,0,999,0,1,0,0,1,1
298,0,0,0,999,0,1,0,0,1,1
299,0,0,0,999,0,1,0,0,1,1
300,0,0,0,999,0,1,0,0,1,1
301,0,0,0,999,0,1,0,0,1,1
302,0,0,0,999,0,1,0,0,1,1
303,0,0,0,999,0,1,0,0,1,1
304,0,0,0,999,0,1,0,0,1,1
305,0,0,0,999,0,1,0,0,1,1
306,0,0,0,999,0,1,0,0,1,1
307,0,0,0,999,0,1,0,0,1,1
308,0,0,0,999,0,1,0,0,1,1
309,0,0,0,999,0,1,0,0,1,1
310,0,0,0,999,0,1,0,0,1,1
311,0,0,0,999,0,1,0,0,1,1
312,0,0,0,999,0,1,0,0,1,1
313,0,0,0,999,0,1,0,0,1,1
314,0,0,0,999,0,1,0,0,1,1
315,0,0,0,999,0,1,0,0,1,1
316,0,0,0,999,0,1,0,0,1,1
317,0,0,0,999,0,1,0,0,1,1
318,0,0,0,999,0,1,0,0,1,1
319,0,0,0,999,0,1,0,0,1,1
320,0,0,0,999,0,1,0,0,1,1
321,0,0,0,999,0,1,0,0,1,1
322,0,0,0,999,0,1,0,0,1,1
323,0,0,0,999,0,1,0,0,1,1
324,0,0,0,999,0,1,0,0,1,1
325,0,0,0,999,0,1,0,0,1,1
326,0,0,0,999,0,1,0,0,1,1
327,0,0,0,999,0,1,0,0,1,1
328,0,0,0,999,0,1,0,0,1,1
329,0,0,0,999,0,1,0,0,1,1
330,0,0,0,999,0,1,0,0,1,1
331,0,0,0,999,0,1,0,0,1,1
332,0,0,0,999,0,1,0,0,1,1
333,0,0,0,999,0,1,0,0,1,1
334,0,0,0,999,0,1,0,0,1,1
335,0,0,0,999,0,1,0,0,1,1
336,0,0,0,999,0,1,0,0,1,1
337,0,0,0,999,0,1,0,0,1,1
338,0,0,0,999,0,1,0,0,1,1
339,0,0,0,999,0,1,0,0,1,1
340,0,0,0,999,0,1,0,0,1,1
341,0,0,0,999,0,1,0,0,1,1
342,0,0,0,999,0,1,0,0,1,1
343,0,0,0,999,0,1,0,0,1,1
344,0,0,0,999,0,1,0,0,1,1
345,0,0,0,999,0,1,0,0,1,1
346,0,0,0,999,0,1,0,0,1,1
347,0,0,0,999,0,1,0,0,1,1
348,0,0,0,999,0,1,0,0,1,1
349,0,0,0,999,0,1,0,0,1,1
350,0,0,0,999,0,1,0,0,1,1
351,0,0,0,999,0,1,0,0,1,1
352,0,0,0,999,0,1,0,0,1,1
353,0,0,0,999,0,1,0,0,1,1
354,0,0,0,999,0,1,0,0,1,1
355,0,0,0,999,0,1,0,0,1,1
356,0,0,0,999,0,1,0,0,1,1
357,0,0,0,999,0,1,0,0,1,1
358,0,0,0,999,0,1,0,0,1,1
359,0,0,0,999,0,1,0,0,1,1
360,0,0,0,999,0,1,0,0,1,1
361,0,0,0,999,0,1,0,0,1,1
362,0,0,0,999,0,1,0,0,1,1
363,0,0,0,999,0,1,0,0,1,1
364,0,0,0,999,0,1,0,0,1,1
365,0,0,0,999,0,1,0,0,1,1
366,0,0,0,999,0,1,0,0,1,1
367,0,0,0,999,0,1,0,0,1,1
368,0,0,0,999,0,1,0,0,1,1