# Simulation report. 
# Date: 1400/03/03 21:58:58
WorldTime,FullStateCount,StatesWithNoTarget,AgentsWithNoTargetState,AllInTargetAgents,InTargetAgentsInThisTime,UpdatedNextStatesOfAgents,SuccessTravelToGoToNeighbor,FailedTravelToGoToNeighbor,RandomTravelToNeighbors,TotalTravelToNeighbor
0,0,0,0,12,94,488,86,0,402,488
1,0,0,0,106,55,394,118,0,276,394
2,0,0,0,161,66,339,114,0,225,339
3,0,0,0,227,47,273,86,0,187,273
4,0,0,0,274,23,225,53,0,173,226
5,0,0,0,297,23,203,51,0,152,203
6,0,0,0,320,13,180,31,0,149,180
7,0,0,0,333,7,167,39,0,128,167
8,0,0,0,340,8,160,24,0,136,160
9,0,0,0,348,10,152,29,0,123,152
10,0,0,0,358,5,142,33,0,109,142
11,0,0,0,363,4,137,31,0,106,137
12,0,0,0,367,6,133,20,0,113,133
13,0,0,0,373,4,127,27,0,100,127
14,0,0,0,377,4,123,21,0,102,123
15,0,0,0,381,8,119,19,0,100,119
16,0,0,0,389,1,111,15,0,96,111
17,0,0,0,390,2,110,12,0,98,110
18,0,0,0,392,2,108,18,0,90,108
19,0,0,0,394,3,106,18,0,88,106
20,0,0,0,397,3,103,13,0,90,103
21,0,0,0,400,0,100,18,0,82,100
22,0,0,0,400,4,100,12,0,88,100
23,0,0,0,404,0,96,25,0,71,96
24,0,0,0,404,3,96,13,0,83,96
25,0,0,0,407,4,93,16,0,77,93
26,0,0,0,411,3,89,17,0,72,89
27,0,0,0,414,2,86,7,0,79,86
28,0,0,0,416,1,84,11,0,73,84
29,0,0,0,417,4,83,13,0,70,83
30,0,0,0,421,1,79,16,0,63,79
31,0,0,0,422,4,78,16,0,62,78
32,0,0,0,426,1,74,10,0,64,74
33,0,0,0,427,3,73,13,0,60,73
34,0,0,0,430,2,70,14,0,56,70
35,0,0,0,432,1,68,11,0,57,68
36,0,0,0,433,5,67,14,0,53,67
37,0,0,0,438,5,62,6,0,56,62
38,0,0,0,443,1,57,10,0,47,57
39,0,0,0,444,2,56,11,0,45,56
40,0,0,0,446,1,54,9,0,45,54
41,0,0,0,447,0,53,11,0,42,53
42,0,0,0,447,0,53,7,0,46,53
43,0,0,0,447,0,53,12,0,41,53
44,0,0,0,447,0,53,9,0,44,53
45,0,0,0,447,0,53,9,0,44,53
46,0,0,0,447,1,53,10,0,43,53
47,0,0,0,448,3,52,9,0,43,52
48,0,0,0,451,0,49,14,0,35,49
49,0,0,0,451,3,49,3,0,46,49
50,0,0,0,454,0,46,6,0,40,46
51,0,0,0,454,0,46,12,0,34,46
52,0,0,0,454,1,46,6,0,40,46
53,0,0,0,455,0,45,10,0,35,45
54,0,0,0,455,0,45,5,0,40,45
55,0,0,0,455,0,45,9,0,36,45
56,0,0,0,455,2,45,4,0,41,45
57,0,0,0,457,1,43,7,0,36,43
58,0,0,0,458,0,42,6,0,36,42
59,0,0,0,458,1,42,10,0,32,42
60,0,0,0,459,1,41,6,0,35,41
61,0,0,0,460,0,40,5,0,35,40
62,0,0,0,460,2,40,2,0,38,40
63,0,0,0,462,0,38,6,0,32,38
64,0,0,0,462,3,38,8,0,30,38
65,0,0,0,465,1,35,5,0,30,35
66,0,0,0,466,1,34,9,0,25,34
67,0,0,0,467,2,33,2,0,31,33
68,0,0,0,469,1,31,9,0,22,31
69,0,0,0,470,0,30,5,0,25,30
70,0,0,0,470,3,30,4,0,26,30
71,0,0,0,473,0,27,3,0,24,27
72,0,0,0,473,0,27,6,0,21,27
73,0,0,0,473,1,27,6,0,21,27
74,0,0,0,474,0,26,4,0,22,26
75,0,0,0,474,0,26,6,0,20,26
76,0,0,0,474,1,26,7,0,19,26
77,0,0,0,475,1,25,4,0,21,25
78,0,0,0,476,0,24,6,0,18,24
79,0,0,0,476,2,24,0,0,24,24
80,0,0,0,478,0,22,5,0,17,22
81,0,0,0,478,2,22,4,0,18,22
82,0,0,0,480,0,20,2,0,18,20
83,0,0,0,480,0,20,5,0,15,20
84,0,0,0,480,0,20,0,0,20,20
85,0,0,0,480,0,20,3,0,17,20
86,0,0,0,480,2,20,0,0,20,20
87,0,0,0,482,0,18,2,0,16,18
88,0,0,0,482,1,18,2,0,16,18
89,0,0,0,483,0,17,3,0,14,17
90,0,0,0,483,0,17,1,0,16,17
91,0,0,0,483,0,17,7,0,10,17
92,0,0,0,483,0,17,2,0,15,17
93,0,0,0,483,0,17,2,0,15,17
94,0,0,0,483,0,17,2,0,15,17
95,0,0,0,483,0,17,2,0,15,17
96,0,0,0,483,0,17,2,0,15,17
97,0,0,0,483,0,17,3,0,14,17
98,0,0,0,483,0,17,2,0,15,17
99,0,0,0,483,1,17,4,0,13,17
100,0,0,0,484,0,16,2,0,14,16
101,0,0,0,484,0,16,1,0,15,16
102,0,0,0,484,0,16,1,0,15,16
103,0,0,0,484,0,16,1,0,15,16
104,0,0,0,484,0,16,5,0,11,16
105,0,0,0,484,1,16,3,0,13,16
106,0,0,0,485,1,15,3,0,12,15
107,0,0,0,486,0,14,1,0,13,14
108,0,0,0,486,2,14,4,0,10,14
109,0,0,0,488,0,12,1,0,11,12
110,0,0,0,488,1,12,4,0,8,12
111,0,0,0,489,1,11,1,0,10,11
112,0,0,0,490,0,10,1,0,9,10
113,0,0,0,490,1,10,0,0,10,10
114,0,0,0,491,0,9,3,0,6,9
115,0,0,0,491,0,9,1,0,8,9
116,0,0,0,491,0,9,1,0,8,9
117,0,0,0,491,1,9,0,0,9,9
118,0,0,0,492,0,8,2,0,6,8
119,0,0,0,492,0,8,0,0,8,8
120,0,0,0,492,0,8,0,0,8,8
121,0,0,0,492,0,8,3,0,5,8
122,0,0,0,492,0,8,2,0,6,8
123,0,0,0,492,0,8,2,0,6,8
124,0,0,0,492,1,8,0,0,8,8
125,0,0,0,493,0,7,3,0,4,7
126,0,0,0,493,1,7,0,0,7,7
127,0,0,0,494,0,6,1,0,5,6
128,0,0,0,494,0,6,1,0,5,6
129,0,0,0,494,0,6,1,0,5,6
130,0,0,0,494,0,6,0,0,6,6
131,0,0,0,494,0,6,3,0,3,6
132,0,0,0,494,0,6,0,0,6,6
133,0,0,0,494,0,6,2,0,4,6
134,0,0,0,494,0,6,0,0,6,6
135,0,0,0,494,0,6,2,0,4,6
136,0,0,0,494,0,6,0,0,6,6
137,0,0,0,494,0,6,0,0,6,6
138,0,0,0,494,0,6,2,0,4,6
139,0,0,0,494,0,6,1,0,5,6