# Simulation report. 
# Date: 1400/02/31 17:31:11
WorldTime,FullStateCount,StatesWithNoTarget,AgentsWithNoTargetState,AllInTargetAgents,InTargetAgentsInThisTime,UpdatedNextStatesOfAgents,SuccessTravelToGoToNeighbor,FailedTravelToGoToNeighbor,RandomTravelToNeighbors,TotalTravelToNeighbor
0,0,0,0,6,25,194,34,0,160,194,
1,0,0,0,31,35,169,57,0,112,169,
2,1,0,0,66,33,133,57,0,77,134,
3,0,0,0,99,19,100,44,0,57,101,
4,0,0,0,118,16,81,19,0,63,82,
5,0,0,0,134,4,66,23,0,43,66,
6,0,0,0,138,5,62,9,0,53,62,
7,0,0,0,143,2,57,12,0,45,57,
8,0,0,0,145,2,55,10,0,45,55,
9,0,0,0,147,1,53,9,0,44,53,
10,0,0,0,148,1,52,15,0,37,52,
11,0,0,0,149,3,51,10,0,41,51,
12,0,0,0,152,1,48,11,0,37,48,
13,0,0,0,153,2,47,12,0,35,47,
14,0,0,0,155,0,45,11,0,34,45,
15,0,0,0,155,1,45,10,0,35,45,
16,0,0,0,156,0,44,9,0,35,44,
17,0,0,0,156,2,44,5,0,39,44,
18,0,0,0,158,0,42,7,0,35,42,
19,0,0,0,158,2,42,13,0,29,42,
20,0,0,0,160,1,40,9,0,31,40,
21,0,0,0,161,1,39,6,0,33,39,
22,0,0,0,162,1,38,12,0,26,38,
23,0,0,0,163,3,37,10,0,27,37,
24,0,0,0,166,1,34,10,0,24,34,
25,0,0,0,167,2,33,9,0,24,33,
26,0,0,0,169,0,31,4,0,27,31,
27,0,0,0,169,5,31,2,0,29,31,
28,0,0,0,174,1,26,6,0,20,26,
29,0,0,0,175,0,25,9,0,16,25,
30,0,0,0,175,0,25,5,0,20,25,
31,0,0,0,175,2,25,3,0,22,25,
32,0,0,0,177,0,23,4,0,19,23,
33,0,0,0,177,0,23,4,0,19,23,
34,0,0,0,177,0,23,5,0,18,23,
35,0,0,0,177,0,23,5,0,18,23,
36,0,0,0,177,1,23,3,0,20,23,
37,0,0,0,178,1,22,4,0,18,22,
38,0,0,0,179,0,21,6,0,15,21,