# Simulation report. 
# Date: 1400/02/31 17:42:21
WorldTime,FullStateCount,StatesWithNoTarget,AgentsWithNoTargetState,AllInTargetAgents,InTargetAgentsInThisTime,UpdatedNextStatesOfAgents,SuccessTravelToGoToNeighbor,FailedTravelToGoToNeighbor,RandomTravelToNeighbors,TotalTravelToNeighbor
0,0,0,0,6,27,194,34,0,160,194,
1,0,0,0,33,37,167,57,0,110,167,
2,0,0,0,70,26,128,49,0,81,130,
3,0,0,0,96,17,104,38,1,65,103,
4,0,0,0,113,13,86,31,1,55,86,
5,0,0,0,126,9,73,27,0,47,74,
6,0,0,0,135,7,65,21,0,44,65,
7,0,0,0,142,4,58,15,0,43,58,
8,0,0,0,146,2,54,19,0,35,54,
9,0,0,0,148,2,52,15,0,37,52,
10,0,0,0,150,2,50,13,0,37,50,
11,0,0,0,152,2,48,15,0,33,48,
12,0,0,0,154,0,46,10,0,36,46,
13,0,0,0,154,5,46,8,0,38,46,
14,0,0,0,159,0,41,11,0,30,41,
15,0,0,0,159,3,41,8,0,33,41,
16,0,0,0,162,1,38,9,0,29,38,
17,0,0,0,163,0,37,5,0,32,37,
18,0,0,0,163,0,37,7,0,30,37,
19,0,0,0,163,1,37,17,0,20,37,
20,0,0,0,164,1,36,5,0,31,36,
21,0,0,0,165,0,35,7,0,28,35,
22,0,0,0,165,0,35,7,0,28,35,
23,0,0,0,165,2,35,9,0,26,35,
24,0,0,0,167,1,33,3,0,30,33,