# Simulation report. 
# Date: 1400/03/03 22:02:41
WorldTime,FullStateCount,StatesWithNoTarget,AgentsWithNoTargetState,AllInTargetAgents,InTargetAgentsInThisTime,UpdatedNextStatesOfAgents,SuccessTravelToGoToNeighbor,FailedTravelToGoToNeighbor,RandomTravelToNeighbors,TotalTravelToNeighbor
0,0,0,0,12,89,488,86,0,402,488
1,0,0,0,101,66,399,114,0,285,399
2,0,0,0,167,74,333,126,0,207,333
3,0,0,0,241,47,259,95,0,164,259
4,0,0,0,288,17,212,62,0,150,212
5,0,0,0,305,22,195,42,0,153,195
6,0,0,0,327,13,173,51,0,122,173
7,0,0,0,340,12,160,31,0,129,160
8,0,0,0,352,4,148,31,0,117,148
9,0,0,0,356,7,144,38,0,106,144
10,0,0,0,363,8,137,17,0,120,137
11,0,0,0,371,2,129,27,0,102,129
12,0,0,0,373,3,127,23,0,104,127
13,0,0,0,376,1,124,27,0,97,124
14,0,0,0,377,2,123,21,0,102,123
15,0,0,0,379,5,121,23,0,98,121
16,0,0,0,384,0,116,20,0,96,116
17,0,0,0,384,1,116,23,0,93,116
18,0,0,0,385,3,115,28,0,87,115
19,0,0,0,388,6,112,17,0,95,112
20,0,0,0,394,2,106,18,0,88,106
21,0,0,0,396,2,104,21,0,83,104
22,0,0,0,398,4,102,19,0,83,102
23,0,0,0,402,5,98,18,0,80,98
24,0,0,0,407,0,93,23,0,70,93
25,0,0,0,407,6,93,21,0,72,93
26,0,0,0,413,2,87,15,0,72,87
27,0,0,0,415,2,85,16,0,69,85
28,0,0,0,417,4,83,13,0,70,83
29,0,0,0,421,0,79,20,0,59,79
30,0,0,0,421,1,79,14,0,65,79
31,0,0,0,422,1,78,12,0,66,78
32,0,0,0,423,2,77,13,0,64,77
33,0,0,0,425,6,75,10,0,65,75
34,0,0,0,431,0,69,19,0,50,69
35,0,0,0,431,3,69,13,0,56,69
36,0,0,0,434,5,66,13,0,53,66
37,0,0,0,439,1,61,15,0,46,61
38,0,0,0,440,3,60,7,0,53,60
39,0,0,0,443,1,57,15,0,42,57
40,0,0,0,444,1,56,8,0,48,56
41,0,0,0,445,0,55,13,0,42,55
42,0,0,0,445,0,55,11,0,44,55
43,0,0,0,445,1,55,14,0,41,55
44,0,0,0,446,2,54,7,0,47,54
45,0,0,0,448,0,52,10,0,42,52
46,0,0,0,448,1,52,7,0,45,52
47,0,0,0,449,2,51,12,0,39,51
48,0,0,0,451,2,49,7,0,42,49
49,0,0,0,453,0,47,8,0,39,47
50,0,0,0,453,1,47,5,0,42,47
51,0,0,0,454,0,46,9,0,37,46
52,0,0,0,454,4,46,7,0,39,46
53,0,0,0,458,2,42,8,0,34,42
54,0,0,0,460,4,40,7,0,33,40
55,0,0,0,464,2,36,11,0,25,36
56,0,0,0,466,0,34,6,0,28,34
57,0,0,0,466,1,34,7,0,27,34
58,0,0,0,467,2,33,3,0,30,33
59,0,0,0,469,0,31,7,0,24,31
60,0,0,0,469,2,31,6,0,25,31
61,0,0,0,471,1,29,4,0,25,29
62,0,0,0,472,0,28,3,0,25,28
63,0,0,0,472,1,28,7,0,21,28
64,0,0,0,473,1,27,7,0,20,27
65,0,0,0,474,0,26,5,0,21,26
66,0,0,0,474,0,26,7,0,19,26
67,0,0,0,474,4,26,3,0,23,26
68,0,0,0,478,0,22,6,0,16,22
69,0,0,0,478,0,22,5,0,17,22
70,0,0,0,478,0,22,6,0,16,22
71,0,0,0,478,0,22,2,0,20,22
72,0,0,0,478,1,22,3,0,19,22
73,0,0,0,479,1,21,7,0,14,21
74,0,0,0,480,2,20,3,0,17,20
75,0,0,0,482,0,18,6,0,12,18
76,0,0,0,482,0,18,3,0,15,18
77,0,0,0,482,0,18,10,0,8,18
78,0,0,0,482,0,18,4,0,14,18
79,0,0,0,482,1,18,3,0,15,18
80,0,0,0,483,0,17,3,0,14,17
81,0,0,0,483,0,17,3,0,14,17
82,0,0,0,483,2,17,2,0,15,17
83,0,0,0,485,1,15,2,0,13,15
84,0,0,0,486,0,14,2,0,12,14
85,0,0,0,486,0,14,2,0,12,14
86,0,0,0,486,1,14,3,0,11,14
87,0,0,0,487,1,13,0,0,13,13
88,0,0,0,488,1,12,1,0,11,12
89,0,0,0,489,0,11,4,0,7,11
90,0,0,0,489,0,11,1,0,10,11
91,0,0,0,489,0,11,1,0,10,11
92,0,0,0,489,0,11,4,0,7,11
93,0,0,0,489,0,11,0,0,11,11
94,0,0,0,489,0,11,1,0,10,11
95,0,0,0,489,1,11,1,0,10,11
96,0,0,0,490,0,10,1,0,9,10
97,0,0,0,490,0,10,1,0,9,10
98,0,0,0,490,0,10,1,0,9,10
99,0,0,0,490,0,10,2,0,8,10
100,0,0,0,490,0,10,3,0,7,10
101,0,0,0,490,0,10,1,0,9,10
102,0,0,0,490,0,10,1,0,9,10
103,0,0,0,490,1,10,2,0,8,10
104,0,0,0,491,0,9,0,0,9,9
105,0,0,0,491,0,9,2,0,7,9
106,0,0,0,491,1,9,0,0,9,9
107,0,0,0,492,0,8,1,0,7,8
108,0,0,0,492,0,8,2,0,6,8
109,0,0,0,492,0,8,2,0,6,8
110,0,0,0,492,0,8,0,0,8,8
111,0,0,0,492,0,8,1,0,7,8
112,0,0,0,492,0,8,1,0,7,8
113,0,0,0,492,0,8,2,0,6,8
114,0,0,0,492,0,8,1,0,7,8
115,0,0,0,492,0,8,2,0,6,8
116,0,0,0,492,0,8,1,0,7,8
117,0,0,0,492,0,8,2,0,6,8
118,0,0,0,492,0,8,1,0,7,8
119,0,0,0,492,0,8,2,0,6,8
120,0,0,0,492,0,8,1,0,7,8
121,0,0,0,492,0,8,1,0,7,8
122,0,0,0,492,0,8,1,0,7,8
123,0,0,0,492,0,8,2,0,6,8
124,0,0,0,492,0,8,2,0,6,8
125,0,0,0,492,0,8,1,0,7,8
126,0,0,0,492,0,8,0,0,8,8
127,0,0,0,492,0,8,0,0,8,8
128,0,0,0,492,0,8,2,0,6,8
129,0,0,0,492,0,8,0,0,8,8
130,0,0,0,492,0,8,4,0,4,8
131,0,0,0,492,0,8,0,0,8,8
132,0,0,0,492,1,8,2,0,6,8