# Simulation report. 
# Date: 1400/03/03 21:43:36
WorldTime,FullStateCount,StatesWithNoTarget,AgentsWithNoTargetState,AllInTargetAgents,InTargetAgentsInThisTime,UpdatedNextStatesOfAgents,SuccessTravelToGoToNeighbor,FailedTravelToGoToNeighbor,RandomTravelToNeighbors,TotalTravelToNeighbor
0,1,0,0,6,28,194,34,0,160,194
1,1,0,0,34,34,166,55,2,109,164
2,1,0,0,68,35,129,62,0,70,132
3,0,0,0,103,19,96,36,0,61,97
4,0,0,0,122,6,77,19,0,59,78
5,0,0,0,128,6,72,23,0,49,72
6,0,0,0,134,3,66,17,0,49,66
7,0,0,0,137,4,63,16,0,47,63
8,0,0,0,141,4,58,18,0,41,59
9,0,0,0,145,6,55,15,0,40,55
10,0,0,0,151,1,49,12,0,37,49
11,0,0,0,152,1,48,12,0,36,48
12,0,0,0,153,3,47,10,0,37,47
13,0,0,0,156,2,44,6,0,38,44
14,0,0,0,158,1,42,12,0,30,42
15,0,0,0,159,2,41,10,0,31,41
16,0,0,0,161,2,39,5,0,34,39
17,0,0,0,163,1,37,7,0,30,37
18,0,0,0,164,1,36,11,0,25,36
19,0,0,0,165,1,35,5,0,30,35
20,0,0,0,166,2,34,9,0,25,34
21,0,0,0,168,2,32,6,0,26,32
22,0,0,0,170,1,30,5,0,25,30
23,0,0,0,171,3,29,8,0,21,29
24,0,0,0,174,1,26,7,0,19,26
25,0,0,0,175,1,25,4,0,21,25
26,0,0,0,176,1,24,3,0,21,24
27,0,0,0,177,1,23,5,0,18,23
28,0,0,0,178,2,22,7,0,15,22
29,0,0,0,180,1,20,5,0,15,20
30,0,0,0,181,0,19,3,0,16,19
31,0,0,0,181,2,19,3,0,16,19
32,0,0,0,183,0,17,3,0,14,17
33,0,0,0,183,0,17,3,0,14,17
34,0,0,0,183,1,17,5,0,12,17
35,0,0,0,184,0,16,3,0,13,16
36,0,0,0,184,2,16,2,0,14,16
37,0,0,0,186,1,14,2,0,12,14
38,0,0,0,187,1,13,3,0,10,13
39,0,0,0,188,0,12,1,0,11,12
40,0,0,0,188,0,12,2,0,10,12
41,0,0,0,188,0,12,1,0,11,12
42,0,0,0,188,0,12,3,0,9,12
43,0,0,0,188,0,12,2,0,10,12
44,0,0,0,188,0,12,3,0,9,12
45,0,0,0,188,0,12,1,0,11,12
46,0,0,0,188,0,12,1,0,11,12
47,0,0,0,188,1,12,2,0,10,12
48,0,0,0,189,0,11,3,0,8,11
49,0,0,0,189,0,11,4,0,7,11
50,0,0,0,189,0,11,4,0,7,11
51,0,0,0,189,1,11,3,0,8,11
52,0,0,0,190,0,10,2,0,8,10
53,0,0,0,190,1,10,3,0,7,10
54,0,0,0,191,0,9,0,0,9,9
55,0,0,0,191,0,9,1,0,8,9
56,0,0,0,191,0,9,1,0,8,9
57,0,0,0,191,0,9,1,0,8,9
58,0,0,0,191,0,9,3,0,6,9
59,0,0,0,191,0,9,3,0,6,9
60,0,0,0,191,1,9,0,0,9,9
61,0,0,0,192,0,8,3,0,5,8
62,0,0,0,192,0,8,0,0,8,8
63,0,0,0,192,0,8,2,0,6,8
64,0,0,0,192,0,8,3,0,5,8
65,0,0,0,192,0,8,2,0,6,8
66,0,0,0,192,0,8,0,0,8,8
67,0,0,0,192,0,8,2,0,6,8
68,0,0,0,192,0,8,2,0,6,8
69,0,0,0,192,0,8,2,0,6,8
70,0,0,0,192,1,8,0,0,8,8
71,0,0,0,193,0,7,1,0,6,7
72,0,0,0,193,1,7,2,0,5,7
73,0,0,0,194,0,6,0,0,6,6
74,0,0,0,194,0,6,1,0,5,6
75,0,0,0,194,1,6,0,0,6,6
76,0,0,0,195,1,5,0,0,5,5
77,0,0,0,196,0,4,1,0,3,4
78,0,0,0,196,0,4,1,0,3,4
79,0,0,0,196,0,4,1,0,3,4
80,0,0,0,196,0,4,0,0,4,4
81,0,0,0,196,0,4,2,0,2,4
82,0,0,0,196,0,4,1,0,3,4
83,0,0,0,196,0,4,1,0,3,4
84,0,0,0,196,0,4,2,0,2,4
85,0,0,0,196,0,4,1,0,3,4
86,0,0,0,196,0,4,3,0,1,4
87,0,0,0,196,0,4,0,0,4,4
88,0,0,0,196,0,4,1,0,3,4
89,0,0,0,196,0,4,2,0,2,4
90,0,0,0,196,0,4,1,0,3,4
91,0,0,0,196,0,4,1,0,3,4
92,0,0,0,196,0,4,0,0,4,4
93,0,0,0,196,0,4,1,0,3,4
94,0,0,0,196,0,4,0,0,4,4
95,0,0,0,196,0,4,0,0,4,4
96,0,0,0,196,0,4,0,0,4,4
97,0,0,0,196,2,4,1,0,3,4
98,0,0,0,198,0,2,0,0,2,2
99,0,0,0,198,0,2,0,0,2,2
100,0,0,0,198,0,2,0,0,2,2
101,0,0,0,198,0,2,1,0,1,2
102,0,0,0,198,0,2,0,0,2,2
103,0,0,0,198,0,2,1,0,1,2
104,0,0,0,198,0,2,2,0,0,2
105,0,0,0,198,0,2,0,0,2,2
106,0,0,0,198,0,2,0,0,2,2
107,0,0,0,198,0,2,0,0,2,2
108,0,0,0,198,0,2,1,0,1,2
109,0,0,0,198,0,2,0,0,2,2
110,0,0,0,198,0,2,0,0,2,2
111,0,0,0,198,0,2,0,0,2,2
112,0,0,0,198,0,2,1,0,1,2
113,0,0,0,198,0,2,0,0,2,2
114,0,0,0,198,0,2,0,0,2,2
115,0,0,0,198,0,2,0,0,2,2
116,0,0,0,198,0,2,1,0,1,2
117,0,0,0,198,0,2,1,0,1,2
118,0,0,0,198,0,2,1,0,1,2
119,0,0,0,198,0,2,0,0,2,2
120,0,0,0,198,0,2,0,0,2,2
121,0,0,0,198,0,2,1,0,1,2
122,0,0,0,198,0,2,1,0,1,2
123,0,0,0,198,0,2,0,0,2,2
124,0,0,0,198,0,2,1,0,1,2
125,0,0,0,198,0,2,1,0,1,2
126,0,0,0,198,0,2,0,0,2,2
127,0,0,0,198,0,2,1,0,1,2
128,0,0,0,198,0,2,0,0,2,2
129,0,0,0,198,0,2,1,0,1,2
130,0,0,0,198,1,2,1,0,1,2
131,0,0,0,199,1,1,0,0,1,1
132,0,0,0,200,0,0,0,0,0,0
133,0,0,0,200,0,0,0,0,0,0
134,0,0,0,200,0,0,0,0,0,0
135,0,0,0,200,0,0,0,0,0,0
136,0,0,0,200,0,0,0,0,0,0
137,0,0,0,200,0,0,0,0,0,0
138,0,0,0,200,0,0,0,0,0,0
139,0,0,0,200,0,0,0,0,0,0
140,0,0,0,200,0,0,0,0,0,0
141,0,0,0,200,0,0,0,0,0,0
142,0,0,0,200,0,0,0,0,0,0
143,0,0,0,200,0,0,0,0,0,0
144,0,0,0,200,0,0,0,0,0,0
145,0,0,0,200,0,0,0,0,0,0
146,0,0,0,200,0,0,0,0,0,0
147,0,0,0,200,0,0,0,0,0,0
148,0,0,0,200,0,0,0,0,0,0
149,0,0,0,200,0,0,0,0,0,0
150,0,0,0,200,0,0,0,0,0,0
151,0,0,0,200,0,0,0,0,0,0
152,0,0,0,200,0,0,0,0,0,0
153,0,0,0,200,0,0,0,0,0,0
154,0,0,0,200,0,0,0,0,0,0
155,0,0,0,200,0,0,0,0,0,0
156,0,0,0,200,0,0,0,0,0,0
157,0,0,0,200,0,0,0,0,0,0
158,0,0,0,200,0,0,0,0,0,0
159,0,0,0,200,0,0,0,0,0,0
160,0,0,0,200,0,0,0,0,0,0
161,0,0,0,200,0,0,0,0,0,0
162,0,0,0,200,0,0,0,0,0,0
163,0,0,0,200,0,0,0,0,0,0
164,0,0,0,200,0,0,0,0,0,0
165,0,0,0,200,0,0,0,0,0,0
166,0,0,0,200,0,0,0,0,0,0
167,0,0,0,200,0,0,0,0,0,0
168,0,0,0,200,0,0,0,0,0,0
169,0,0,0,200,0,0,0,0,0,0
170,0,0,0,200,0,0,0,0,0,0
171,0,0,0,200,0,0,0,0,0,0
172,0,0,0,200,0,0,0,0,0,0
173,0,0,0,200,0,0,0,0,0,0
174,0,0,0,200,0,0,0,0,0,0
175,0,0,0,200,0,0,0,0,0,0
176,0,0,0,200,0,0,0,0,0,0
177,0,0,0,200,0,0,0,0,0,0
178,0,0,0,200,0,0,0,0,0,0
179,0,0,0,200,0,0,0,0,0,0
180,0,0,0,200,0,0,0,0,0,0
181,0,0,0,200,0,0,0,0,0,0
182,0,0,0,200,0,0,0,0,0,0
183,0,0,0,200,0,0,0,0,0,0
184,0,0,0,200,0,0,0,0,0,0
185,0,0,0,200,0,0,0,0,0,0
186,0,0,0,200,0,0,0,0,0,0
187,0,0,0,200,0,0,0,0,0,0
188,0,0,0,200,0,0,0,0,0,0
189,0,0,0,200,0,0,0,0,0,0
190,0,0,0,200,0,0,0,0,0,0
191,0,0,0,200,0,0,0,0,0,0
192,0,0,0,200,0,0,0,0,0,0
193,0,0,0,200,0,0,0,0,0,0
194,0,0,0,200,0,0,0,0,0,0
195,0,0,0,200,0,0,0,0,0,0
196,0,0,0,200,0,0,0,0,0,0
197,0,0,0,200,0,0,0,0,0,0
198,0,0,0,200,0,0,0,0,0,0
199,0,0,0,200,0,0,0,0,0,0
200,0,0,0,200,0,0,0,0,0,0
201,0,0,0,200,0,0,0,0,0,0
202,0,0,0,200,0,0,0,0,0,0
203,0,0,0,200,0,0,0,0,0,0
204,0,0,0,200,0,0,0,0,0,0
205,0,0,0,200,0,0,0,0,0,0
206,0,0,0,200,0,0,0,0,0,0
207,0,0,0,200,0,0,0,0,0,0
208,0,0,0,200,0,0,0,0,0,0
209,0,0,0,200,0,0,0,0,0,0
210,0,0,0,200,0,0,0,0,0,0
211,0,0,0,200,0,0,0,0,0,0
212,0,0,0,200,0,0,0,0,0,0
213,0,0,0,200,0,0,0,0,0,0
214,0,0,0,200,0,0,0,0,0,0
215,0,0,0,200,0,0,0,0,0,0
216,0,0,0,200,0,0,0,0,0,0
217,0,0,0,200,0,0,0,0,0,0
218,0,0,0,200,0,0,0,0,0,0
219,0,0,0,200,0,0,0,0,0,0
220,0,0,0,200,0,0,0,0,0,0
221,0,0,0,200,0,0,0,0,0,0
222,0,0,0,200,0,0,0,0,0,0
223,0,0,0,200,0,0,0,0,0,0
224,0,0,0,200,0,0,0,0,0,0
225,0,0,0,200,0,0,0,0,0,0
226,0,0,0,200,0,0,0,0,0,0
227,0,0,0,200,0,0,0,0,0,0
228,0,0,0,200,0,0,0,0,0,0
229,0,0,0,200,0,0,0,0,0,0
230,0,0,0,200,0,0,0,0,0,0
231,0,0,0,200,0,0,0,0,0,0
232,0,0,0,200,0,0,0,0,0,0
233,0,0,0,200,0,0,0,0,0,0
234,0,0,0,200,0,0,0,0,0,0
235,0,0,0,200,0,0,0,0,0,0
236,0,0,0,200,0,0,0,0,0,0
237,0,0,0,200,0,0,0,0,0,0
238,0,0,0,200,0,0,0,0,0,0
239,0,0,0,200,0,0,0,0,0,0
240,0,0,0,200,0,0,0,0,0,0
241,0,0,0,200,0,0,0,0,0,0
242,0,0,0,200,0,0,0,0,0,0
243,0,0,0,200,0,0,0,0,0,0
244,0,0,0,200,0,0,0,0,0,0
245,0,0,0,200,0,0,0,0,0,0
246,0,0,0,200,0,0,0,0,0,0
247,0,0,0,200,0,0,0,0,0,0
248,0,0,0,200,0,0,0,0,0,0
249,0,0,0,200,0,0,0,0,0,0
250,0,0,0,200,0,0,0,0,0,0
251,0,0,0,200,0,0,0,0,0,0
252,0,0,0,200,0,0,0,0,0,0
253,0,0,0,200,0,0,0,0,0,0
254,0,0,0,200,0,0,0,0,0,0
255,0,0,0,200,0,0,0,0,0,0
256,0,0,0,200,0,0,0,0,0,0
257,0,0,0,200,0,0,0,0,0,0
258,0,0,0,200,0,0,0,0,0,0
259,0,0,0,200,0,0,0,0,0,0
260,0,0,0,200,0,0,0,0,0,0