# Simulation report. 
# Date: 1400/03/03 20:02:30
WorldTime,FullStateCount,StatesWithNoTarget,AgentsWithNoTargetState,AllInTargetAgents,InTargetAgentsInThisTime,UpdatedNextStatesOfAgents,SuccessTravelToGoToNeighbor,FailedTravelToGoToNeighbor,RandomTravelToNeighbors,TotalTravelToNeighbor
0,2,0,0,6,28,194,34,0,160,194
1,0,0,0,34,28,166,50,1,115,165
2,1,0,0,62,34,136,54,0,84,138
3,0,0,0,96,18,103,40,0,64,104
4,0,0,0,114,12,85,33,0,53,86
5,0,0,0,126,5,74,22,0,52,74
6,0,0,0,131,4,69,22,0,47,69
7,0,0,0,135,10,65,13,0,52,65
8,0,0,0,145,1,55,11,0,44,55
9,0,0,0,146,1,54,16,0,38,54
10,0,0,0,147,1,53,14,0,39,53
11,0,0,0,148,4,52,9,0,43,52
12,0,0,0,152,2,48,16,0,32,48
13,0,0,0,154,0,46,13,0,33,46
14,0,0,0,154,2,46,13,0,33,46
15,0,0,0,156,2,44,8,0,36,44
16,0,0,0,158,0,42,10,0,32,42
17,0,0,0,158,1,42,10,0,32,42
18,0,0,0,159,1,41,6,0,35,41
19,0,0,0,160,1,40,10,0,30,40
20,0,0,0,161,1,39,8,0,31,39
21,0,0,0,162,4,38,12,0,26,38
22,0,0,0,166,0,34,5,0,29,34
23,0,0,0,166,1,34,13,0,21,34
24,0,0,0,167,0,33,6,0,27,33
25,0,0,0,167,2,33,6,0,27,33
26,0,0,0,169,0,31,7,0,24,31
27,0,0,0,169,0,31,8,0,23,31
28,0,0,0,169,0,31,6,0,25,31
29,0,0,0,169,1,31,7,0,24,31
30,0,0,0,170,2,30,4,0,26,30
31,0,0,0,172,1,28,4,0,24,28
32,0,0,0,173,0,27,9,0,18,27
33,0,0,0,173,2,27,7,0,20,27
34,0,0,0,175,2,25,6,0,19,25
35,0,0,0,177,1,23,2,0,21,23
36,0,0,0,178,0,22,6,0,16,22
37,0,0,0,178,0,22,2,0,20,22
38,0,0,0,178,0,22,8,0,14,22