# Simulation report. 
# Date: 1400/03/03 21:56:07
WorldTime,FullStateCount,StatesWithNoTarget,AgentsWithNoTargetState,AllInTargetAgents,InTargetAgentsInThisTime,UpdatedNextStatesOfAgents,SuccessTravelToGoToNeighbor,FailedTravelToGoToNeighbor,RandomTravelToNeighbors,TotalTravelToNeighbor
0,0,0,0,12,90,488,86,0,402,488
1,0,0,0,102,52,398,108,0,290,398
2,0,0,0,154,70,346,129,0,217,346
3,0,0,0,224,43,276,77,0,199,276
4,0,0,0,267,30,233,55,0,178,233
5,0,0,0,297,17,203,52,0,151,203
6,0,0,0,314,12,186,32,0,154,186
7,0,0,0,326,14,174,34,0,140,174
8,0,0,0,340,6,160,28,0,132,160
9,0,0,0,346,4,154,24,0,130,154
10,0,0,0,350,4,150,29,0,121,150
11,0,0,0,354,6,146,36,0,110,146
12,0,0,0,360,9,140,30,0,110,140
13,0,0,0,369,5,131,25,0,106,131
14,0,0,0,374,5,126,27,0,99,126
15,0,0,0,379,5,121,17,0,104,121
16,0,0,0,384,5,116,17,0,99,116
17,0,0,0,389,6,111,14,0,97,111
18,0,0,0,395,1,105,21,0,84,105
19,0,0,0,396,4,104,21,0,83,104
20,0,0,0,400,2,100,17,0,83,100
21,0,0,0,402,4,98,20,0,78,98
22,0,0,0,406,6,94,18,0,76,94
23,0,0,0,412,3,88,8,0,80,88
24,0,0,0,415,5,85,16,0,69,85
25,0,0,0,420,3,80,15,0,65,80
26,0,0,0,423,0,77,13,0,64,77
27,0,0,0,423,3,77,20,0,57,77
28,0,0,0,426,0,74,10,0,64,74
29,0,0,0,426,3,74,15,0,59,74
30,0,0,0,429,1,71,11,0,60,71
31,0,0,0,430,4,70,4,0,66,70
32,0,0,0,434,1,66,14,0,52,66
33,0,0,0,435,3,65,12,0,53,65
34,0,0,0,438,3,62,8,0,54,62
35,0,0,0,441,2,59,10,0,49,59
36,0,0,0,443,3,57,9,0,48,57
37,0,0,0,446,3,54,12,0,42,54
38,0,0,0,449,2,51,9,0,42,51
39,0,0,0,451,2,49,13,0,36,49
40,0,0,0,453,2,47,6,0,41,47
41,0,0,0,455,1,45,6,0,39,45
42,0,0,0,456,4,44,6,0,38,44
43,0,0,0,460,0,40,6,0,34,40
44,0,0,0,460,1,40,11,0,29,40
45,0,0,0,461,1,39,6,0,33,39
46,0,0,0,462,2,38,9,0,29,38
47,0,0,0,464,0,36,3,0,33,36
48,0,0,0,464,1,36,9,0,27,36
49,0,0,0,465,3,35,7,0,28,35
50,0,0,0,468,1,32,2,0,30,32
51,0,0,0,469,0,31,9,0,22,31
52,0,0,0,469,1,31,2,0,29,31
53,0,0,0,470,0,30,8,0,22,30
54,0,0,0,470,1,30,3,0,27,30
55,0,0,0,471,0,29,6,0,23,29
56,0,0,0,471,2,29,5,0,24,29
57,0,0,0,473,2,27,2,0,25,27
58,0,0,0,475,3,25,4,0,21,25
59,0,0,0,478,0,22,0,0,22,22
60,0,0,0,478,1,22,5,0,17,22
61,0,0,0,479,0,21,3,0,18,21
62,0,0,0,479,0,21,5,0,16,21
63,0,0,0,479,0,21,4,0,17,21
64,0,0,0,479,2,21,5,0,16,21
65,0,0,0,481,1,19,0,0,19,19
66,0,0,0,482,1,18,2,0,16,18
67,0,0,0,483,1,17,2,0,15,17
68,0,0,0,484,0,16,3,0,13,16
69,0,0,0,484,1,16,2,0,14,16
70,0,0,0,485,0,15,3,0,12,15
71,0,0,0,485,1,15,1,0,14,15
72,0,0,0,486,0,14,2,0,12,14
73,0,0,0,486,0,14,4,0,10,14
74,0,0,0,486,1,14,3,0,11,14
75,0,0,0,487,0,13,2,0,11,13
76,0,0,0,487,1,13,0,0,13,13
77,0,0,0,488,0,12,2,0,10,12
78,0,0,0,488,0,12,2,0,10,12
79,0,0,0,488,0,12,2,0,10,12
80,0,0,0,488,0,12,1,0,11,12
81,0,0,0,488,0,12,1,0,11,12
82,0,0,0,488,0,12,2,0,10,12
83,0,0,0,488,0,12,2,0,10,12
84,0,0,0,488,0,12,2,0,10,12
85,0,0,0,488,0,12,2,0,10,12
86,0,0,0,488,0,12,1,0,11,12
87,0,0,0,488,0,12,3,0,9,12
88,0,0,0,488,0,12,2,0,10,12
89,0,0,0,488,1,12,3,0,9,12
90,0,0,0,489,0,11,1,0,10,11
91,0,0,0,489,0,11,1,0,10,11
92,0,0,0,489,0,11,0,0,11,11
93,0,0,0,489,1,11,1,0,10,11
94,0,0,0,490,0,10,0,0,10,10
95,0,0,0,490,0,10,2,0,8,10
96,0,0,0,490,0,10,2,0,8,10
97,0,0,0,490,0,10,3,0,7,10
98,0,0,0,490,0,10,2,0,8,10
99,0,0,0,490,0,10,0,0,10,10
100,0,0,0,490,0,10,0,0,10,10
101,0,0,0,490,0,10,3,0,7,10
102,0,0,0,490,1,10,0,0,10,10
103,0,0,0,491,0,9,1,0,8,9
104,0,0,0,491,1,9,0,0,9,9
105,0,0,0,492,0,8,1,0,7,8
106,0,0,0,492,0,8,1,0,7,8
107,0,0,0,492,0,8,2,0,6,8
108,0,0,0,492,0,8,0,0,8,8
109,0,0,0,492,0,8,2,0,6,8
110,0,0,0,492,0,8,1,0,7,8
111,0,0,0,492,0,8,1,0,7,8
112,0,0,0,492,1,8,0,0,8,8
113,0,0,0,493,0,7,1,0,6,7
114,0,0,0,493,0,7,1,0,6,7
115,0,0,0,493,0,7,2,0,5,7