# Simulation report. 
# Date: 1400/02/31 17:40:11
WorldTime,FullStateCount,StatesWithNoTarget,AgentsWithNoTargetState,AllInTargetAgents,InTargetAgentsInThisTime,UpdatedNextStatesOfAgents,SuccessTravelToGoToNeighbor,FailedTravelToGoToNeighbor,RandomTravelToNeighbors,TotalTravelToNeighbor
0,1,0,0,6,28,194,34,0,160,194,
1,0,0,0,34,28,166,47,0,119,166,
2,1,0,0,62,29,137,56,0,82,138,
3,0,0,0,91,15,107,39,1,69,108,
4,0,0,0,106,16,93,36,0,58,94,
5,0,0,0,122,8,76,24,0,54,78,
6,0,0,0,130,1,70,13,0,57,70,
7,0,0,0,131,4,69,18,0,51,69,
8,0,0,0,135,1,65,18,0,47,65,
9,0,0,0,136,2,64,10,0,54,64,
10,0,0,0,138,1,62,15,0,47,62,
11,0,0,0,139,3,61,21,0,40,61,
12,0,0,0,142,2,58,16,0,42,58,
13,0,0,0,144,0,56,12,0,44,56,
14,0,0,0,144,0,56,7,0,49,56,
15,0,0,0,144,2,56,9,0,47,56,
16,0,0,0,146,3,54,12,0,42,54,
17,0,0,0,149,3,51,14,0,37,51,
18,0,0,0,152,4,48,12,0,36,48,
19,0,0,0,156,0,44,10,0,34,44,
20,0,0,0,156,1,44,12,0,32,44,
21,0,0,0,157,1,43,9,0,34,43,
22,0,0,0,158,3,42,11,0,31,42,
23,0,0,0,161,1,39,11,0,28,39,
24,0,0,0,162,0,38,11,0,27,38,
25,0,0,0,162,0,38,11,0,27,38,
26,0,0,0,162,1,38,9,0,29,38,
27,0,0,0,163,0,37,14,0,23,37,
28,0,0,0,163,2,37,10,0,27,37,
29,0,0,0,165,1,35,6,0,29,35,
30,0,0,0,166,0,34,11,0,23,34,
31,0,0,0,166,0,34,11,0,23,34,
32,0,0,0,166,3,34,7,0,27,34,
33,0,0,0,169,1,31,13,0,18,31,
34,0,0,0,170,1,30,8,0,22,30,
35,0,0,0,171,1,29,6,0,23,29,
36,0,0,0,172,1,28,10,0,18,28,
37,0,0,0,173,0,27,10,0,17,27,
38,0,0,0,173,1,27,6,0,21,27,
39,0,0,0,174,1,26,11,0,15,26,
40,0,0,0,175,3,25,8,0,17,25,
41,0,0,0,178,1,22,3,0,19,22,
42,0,0,0,179,0,21,8,0,13,21,
43,0,0,0,179,2,21,3,0,18,21,
44,0,0,0,181,3,19,4,0,15,19,
45,0,0,0,184,1,16,2,0,14,16,
46,0,0,0,185,0,15,6,0,9,15,
47,0,0,0,185,0,15,4,0,11,15,
48,0,0,0,185,0,15,3,0,12,15,
49,0,0,0,185,0,15,3,0,12,15,
50,0,0,0,185,1,15,4,0,11,15,
51,0,0,0,186,2,14,0,0,14,14,
52,0,0,0,188,0,12,5,0,7,12,
53,0,0,0,188,1,12,1,0,11,12,
54,0,0,0,189,0,11,2,0,9,11,
55,0,0,0,189,1,11,2,0,9,11,
56,0,0,0,190,0,10,4,0,6,10,
57,0,0,0,190,0,10,4,0,6,10,
58,0,0,0,190,0,10,3,0,7,10,
59,0,0,0,190,0,10,1,0,9,10,
60,0,0,0,190,0,10,3,0,7,10,
61,0,0,0,190,0,10,3,0,7,10,
62,0,0,0,190,0,10,3,0,7,10,
63,0,0,0,190,0,10,1,0,9,10,
64,0,0,0,190,2,10,2,0,8,10,
65,0,0,0,192,0,8,3,0,5,8,
66,0,0,0,192,0,8,2,0,6,8,
67,0,0,0,192,1,8,2,0,6,8,
68,0,0,0,193,0,7,3,0,4,7,
69,0,0,0,193,0,7,1,0,6,7,
70,0,0,0,193,0,7,2,0,5,7,
71,0,0,0,193,0,7,1,0,6,7,
72,0,0,0,193,0,7,3,0,4,7,
73,0,0,0,193,0,7,2,0,5,7,
74,0,0,0,193,0,7,1,0,6,7,
75,0,0,0,193,0,7,4,0,3,7,
76,0,0,0,193,1,7,1,0,6,7,
77,0,0,0,194,0,6,2,0,4,6,
78,0,0,0,194,0,6,2,0,4,6,
79,0,0,0,194,0,6,2,0,4,6,
80,0,0,0,194,0,6,2,0,4,6,
81,0,0,0,194,0,6,1,0,5,6,
82,0,0,0,194,0,6,1,0,5,6,
83,0,0,0,194,0,6,2,0,4,6,
84,0,0,0,194,1,6,1,0,5,6,
85,0,0,0,195,0,5,2,0,3,5,
86,0,0,0,195,0,5,1,0,4,5,
87,0,0,0,195,0,5,2,0,3,5,
88,0,0,0,195,0,5,1,0,4,5,
89,0,0,0,195,0,5,2,0,3,5,